3.000370000000000120e-02 1.275978999999999886e+01 5.277016202362813831e-03
3.705950000000000216e-02 1.204556000000000004e+01 3.556177723342969933e-03
4.411530000000000312e-02 1.127749000000000024e+01 2.192008211663415158e-03
5.117100000000000121e-02 1.046525000000000105e+01 1.557080601639173126e-03
5.822680000000000217e-02 9.624418999999999613e+00 1.821737906505821502e-03
6.528259999999999619e-02 8.795007000000001796e+00 2.244344224935353443e-03
7.233839999999999715e-02 7.986579000000000761e+00 2.574969708559786668e-03
7.939419999999999811e-02 7.212754000000001220e+00 2.780806357875302559e-03
8.644989999999999619e-02 6.506191000000001168e+00 2.900332567137751082e-03
9.350569999999999715e-02 5.846774000000000804e+00 3.048478964992272153e-03
1.005609999999999976e-01 5.235134000000000398e+00 3.205963817637483369e-03
1.076170000000000043e-01 4.697886999999999702e+00 3.249292384504725347e-03
1.146729999999999972e-01 4.209369999999999834e+00 3.195089983083285266e-03
1.217290000000000039e-01 3.761398999999999937e+00 3.048752039769712322e-03
1.287850000000000106e-01 3.361806000000000072e+00 2.793500313227049309e-03
1.358399999999999885e-01 3.007624999999999993e+00 2.491562762605068187e-03
1.428959999999999952e-01 2.682259999999999867e+00 2.217196427924200686e-03
1.499520000000000020e-01 2.384706999999999688e+00 1.981671264362478476e-03
1.570080000000000087e-01 2.128052999999999972e+00 1.816353765101929663e-03
1.640639999999999876e-01 1.892627999999999755e+00 1.696577731788312133e-03
1.711189999999999933e-01 1.677738000000000174e+00 1.612251841369669123e-03
1.781750000000000000e-01 1.489928000000000141e+00 1.590746994339441384e-03
1.852310000000000068e-01 1.322992000000000390e+00 1.652977918787793812e-03
1.922870000000000135e-01 1.171181999999999945e+00 1.798020022135455795e-03
1.993419999999999914e-01 1.035731999999999875e+00 2.005222182203278587e-03
2.063979999999999981e-01 9.188466999999999052e-01 2.200306026442681341e-03
2.134540000000000048e-01 8.123023000000000327e-01 2.358987327223277010e-03
2.205100000000000116e-01 7.156084999999999807e-01 2.464455406372773050e-03
2.275659999999999905e-01 6.324919999999999431e-01 2.462428760390847089e-03
2.346209999999999962e-01 5.577006999999999382e-01 2.407049980785586508e-03
2.416770000000000029e-01 4.899828000000000516e-01 2.322548505413832981e-03
2.487330000000000096e-01 4.308835999999999222e-01 2.223971007005261756e-03
2.557889999999999886e-01 3.801318999999999670e-01 2.144694637937993170e-03
2.628440000000000221e-01 3.348723999999999590e-01 2.090775463793281136e-03
2.698999999999999733e-01 2.950385000000000368e-01 2.057521287860718858e-03
2.769559999999999800e-01 2.630029999999999868e-01 2.039980539122868575e-03
2.840119999999999867e-01 2.348385000000000056e-01 2.031356307987348953e-03
2.910679999999999934e-01 2.103248999999999536e-01 2.034639891971063395e-03
2.981230000000000269e-01 1.902870000000000117e-01 2.053081586298994600e-03
3.051789999999999781e-01 1.731994999999999507e-01 2.083199858390931674e-03
3.122349999999999848e-01 1.581187000000000009e-01 2.123058974687228647e-03
3.192909999999999915e-01 1.450602000000000003e-01 2.164097262139572878e-03
3.263460000000000250e-01 1.339463000000000181e-01 2.188431084133105661e-03
3.334019999999999762e-01 1.238318999999999948e-01 2.203781860802017482e-03
