3.000370000000000120e-02 1.257669000000000104e+01 1.923772335802684729e-03
3.705950000000000216e-02 1.213406000000000162e+01 1.905360858210486006e-03
4.411530000000000312e-02 1.114999000000000073e+01 1.923772335802871212e-03
5.117100000000000121e-02 1.063006000000000029e+01 1.905360858210221461e-03
5.822680000000000217e-02 9.753724999999999312e+00 1.911958420050026723e-03
6.528259999999999619e-02 8.732324999999999449e+00 1.911958420049938902e-03
7.233839999999999715e-02 8.021604999999999208e+00 1.911958420050062502e-03
7.939419999999999811e-02 7.184121999999999453e+00 1.914177630211009876e-03
8.644989999999999619e-02 6.456242000000000480e+00 1.914177630211009876e-03
9.350569999999999715e-02 5.686857999999999969e+00 1.912306460795577595e-03
1.005609999999999976e-01 5.300704999999998890e+00 1.911958420050009159e-03
1.076170000000000043e-01 4.673443999999999932e+00 1.912162127017476418e-03
1.146729999999999972e-01 4.350933999999999635e+00 1.912162127017520219e-03
1.217290000000000039e-01 3.691629000000000271e+00 1.913804848985396810e-03
1.287850000000000106e-01 3.508567000000000213e+00 1.910602261068497943e-03
1.358399999999999885e-01 3.013682000000000194e+00 1.914177630210954582e-03
1.428959999999999952e-01 2.618338999999999750e+00 1.913804848985396810e-03
1.499520000000000020e-01 2.418780000000000374e+00 1.913609155496495814e-03
1.570080000000000087e-01 2.141465000000000174e+00 1.911958420049967959e-03
1.640639999999999876e-01 1.677819999999999867e+00 1.913609155496472179e-03
1.711189999999999933e-01 1.682979000000000003e+00 1.913804848985372307e-03
1.781750000000000000e-01 1.599809999999999954e+00 1.913609155496499934e-03
1.852310000000000068e-01 1.284581999999999891e+00 1.914177630210968676e-03
1.922870000000000135e-01 1.162088000000000232e+00 1.912306460795455080e-03
1.993419999999999914e-01 1.054987000000000119e+00 1.910602261068480379e-03
2.063979999999999981e-01 1.029889000000000054e+00 1.913804848985397678e-03
2.134540000000000048e-01 8.318436000000000163e-01 1.912885422601137914e-03
2.205100000000000116e-01 6.649445999999998858e-01 1.912885422601139215e-03
2.275659999999999905e-01 6.784185000000000354e-01 1.913041622652256017e-03
2.346209999999999962e-01 4.614566999999999974e-01 1.912840037744925961e-03
2.416770000000000029e-01 4.697886000000000561e-01 1.912885422601158947e-03
2.487330000000000096e-01 4.549437000000000064e-01 1.912840037744928563e-03
2.557889999999999886e-01 3.898732999999999782e-01 1.913129323908873422e-03
2.628440000000000221e-01 4.022483999999999504e-01 1.913178674353229044e-03
2.698999999999999733e-01 3.048460000000000059e-01 1.912991479332826206e-03
2.769559999999999800e-01 1.879510000000000070e-01 1.912991479332827073e-03
2.840119999999999867e-01 1.851844000000000268e-01 1.913178674353233381e-03
2.910679999999999934e-01 2.015064000000000299e-01 1.913178674353233381e-03
2.981230000000000269e-01 2.158155999999999963e-01 1.912885422601154828e-03
3.051789999999999781e-01 2.234456999999999416e-01 1.912840037744922925e-03
3.122349999999999848e-01 1.369972999999999885e-01 1.913129323908867134e-03
3.192909999999999915e-01 1.705836999999999770e-01 1.912840037744922709e-03
3.263460000000000250e-01 1.172465999999999786e-01 1.912885422601154828e-03
3.334019999999999762e-01 1.316636999999999946e-01 1.912840037744927479e-03
